P,Np,Wp,Wi
2813,8.073e+6,0.0725e+6,0
2483,20.487e+6,0.0997e+6,0.5311e+6
2344,35.147e+6,0.1101e+6,6.048e+6
2257,48.03e+6,0.1195e+6,9.8722e+6
2218,63.8964e+6,0.1304e+6,17.26e+6
2202,77.8753e+6,0.1406e+6,24.33e+6
2197,91.2344e+6,0.1561e+6,31.647e+6
2210,105.426e+6,0.1817e+6,41.67e+6
2244,131.532e+6,0.6308e+6,59.621e+6
2281,154.537e+6,1.27441e+6,77.67e+6
2333,185.02e+6,1.740115e+6,107.21e+6
2367,200.224e+6,2.1875e+6,123.28e+6
2422,216.915e+6,2.351e+6,143.1e+6
2559,254.039e+6,5.3718e+6,190.273e+6



